50.0 69.5514144897461 164.75338745117188 90.29653930664062 264.67694091796875
82.0 32.877132415771484 11.382652282714844 253.78672790527344 309.66192626953125
75.0 259.5005187988281 66.28962707519531 347.7281188964844 335.3790588378906
51.0 90.68309783935547 12.121023178100586 143.6348876953125 45.19712448120117
70.0 196.24087524414062 8.206747055053711 243.4893341064453 45.881797790527344
50.0 16.69999885559082 162.42263793945312 40.33206558227539 247.5404510498047
75.0 241.64122009277344 52.10284423828125 298.609375 101.6769790649414
70.0 1.0775830745697021 11.544824600219727 81.0011978149414 273.6759033203125
84.0 244.28924560546875 7.4731550216674805 267.37774658203125 39.693241119384766
84.0 0.0 293.1201171875 73.98764038085938 346.1112365722656
84.0 245.58717346191406 30.705991744995117 348.0 67.54747009277344
82.0 58.99512481689453 266.98297119140625 230.58680725097656 348.0