37.0 242.9434356689453 33.55286407470703 272.23321533203125 65.30450439453125
84.0 0.0 15.824918746948242 56.70407485961914 212.22573852539062
84.0 26.281007766723633 5.565313816070557 143.9306640625 230.66786193847656
47.0 55.01999282836914 155.2401123046875 97.08116149902344 219.20814514160156
47.0 140.41432189941406 165.38143920898438 183.09906005859375 230.58383178710938
47.0 162.45144653320312 0.0 206.55679321289062 15.47482967376709
84.0 122.55672454833984 10.352740287780762 232.31175231933594 242.615478515625
78.0 73.78685760498047 253.5563507080078 256.4548034667969 346.5567932128906
51.0 297.54229736328125 286.4294128417969 327.44189453125 318.27923583984375
47.0 208.5838165283203 331.0591735839844 244.6070556640625 347.0285339355469
84.0 212.64877319335938 6.677953720092773 341.3253479003906 221.92941284179688
44.0 130.3273468017578 264.41729736328125 167.11474609375 294.99273681640625
47.0 266.1412658691406 0.0 307.14111328125 14.994120597839355
75.0 1.5011615753173828 246.36451721191406 63.578094482421875 345.32147216796875
84.0 282.0203857421875 317.7760925292969 342.30999755859375 345.62762451171875