1.0 0.32213911414146423 97.96316528320312 104.8104019165039 333.1419982910156
51.0 14.915336608886719 19.903995513916016 71.3055191040039 66.06101989746094
86.0 131.43423461914062 34.154136657714844 201.853271484375 165.4624481201172
47.0 195.24740600585938 261.1045837402344 209.3591766357422 275.9969482421875
44.0 174.224365234375 60.33847427368164 247.48802185058594 227.823974609375
44.0 305.4730224609375 36.8305778503418 347.9977722167969 112.1011962890625
84.0 98.41004180908203 15.259221076965332 142.58946228027344 62.179229736328125
84.0 31.229841232299805 285.10723876953125 90.13802337646484 340.5931701660156
67.0 17.5859432220459 2.9349937438964844 330.4314270019531 336.2092590332031
85.0 185.6284637451172 292.1315612792969 200.2769317626953 306.9828796386719
84.0 98.07540130615234 2.9616336822509766 117.3011245727539 38.9456901550293