47.0 202.39401245117188 17.39377784729004 288.6400451660156 119.7976303100586
84.0 153.043212890625 153.71212768554688 267.1371765136719 313.45770263671875
84.0 95.21565246582031 74.97390747070312 147.7163543701172 125.9133071899414
2.0 29.00813865661621 171.45675659179688 85.17715454101562 282.6424865722656
37.0 151.1410369873047 70.02407836914062 180.70529174804688 96.48784637451172
84.0 240.07095336914062 167.57276916503906 347.5364990234375 284.7730712890625
47.0 70.068115234375 96.0324935913086 150.69789123535156 230.63462829589844
84.0 139.4462127685547 139.05667114257812 204.8980255126953 227.7414093017578
84.0 159.1940460205078 89.75027465820312 226.6658935546875 161.36065673828125
37.0 152.71279907226562 95.78157806396484 185.33612060546875 126.1595458984375
82.0 24.847564697265625 10.808834075927734 332.44921875 343.8190002441406