84.0 237.05526733398438 9.032136917114258 344.6029968261719 276.1788330078125
47.0 158.71290588378906 182.4876251220703 203.79249572753906 246.41412353515625
84.0 143.06765747070312 6.519502639770508 263.9834289550781 256.4480285644531
84.0 7.63792610168457 5.380797386169434 49.038612365722656 151.5411376953125
78.0 20.172693252563477 272.467041015625 121.16627502441406 347.8959655761719
44.0 41.717315673828125 0.0 149.1720733642578 248.25808715820312
79.0 186.12078857421875 284.5262451171875 344.5632019042969 346.3489685058594
47.0 60.1585578918457 176.3656463623047 106.26124572753906 245.43394470214844
44.0 71.70843505859375 1.232462763786316 119.77203369140625 27.41734504699707
47.0 250.449951171875 191.54701232910156 299.0120544433594 259.0801696777344
78.0 99.6584701538086 277.703857421875 194.63955688476562 346.7200622558594
82.0 0.046368308365345 174.5187530517578 20.853397369384766 262.59942626953125
51.0 291.92010498046875 10.338112831115723 343.41436767578125 40.10649871826172