1.0 3.1220285892486572 140.41322326660156 142.15283203125 336.3382263183594
82.0 31.461957931518555 1.622126579284668 343.843017578125 331.4005126953125
50.0 119.29706573486328 180.6488037109375 148.2026824951172 283.9462585449219
78.0 298.9382629394531 0.0 348.0 39.57738494873047
47.0 144.62130737304688 209.4415283203125 211.15374755859375 265.3270568847656
44.0 5.515937328338623 129.968994140625 27.510177612304688 144.12838745117188
78.0 229.28170776367188 0.0 316.7379455566406 24.65934944152832
44.0 214.1097869873047 176.13027954101562 344.7701110839844 328.5932922363281
84.0 142.0315399169922 285.582275390625 279.3977966308594 345.9388122558594
84.0 0.0 66.42945861816406 84.17711639404297 213.66329956054688
44.0 301.32464599609375 269.90411376953125 348.0 343.2091369628906