50.0 126.91976928710938 192.83668518066406 148.76751708984375 280.2428283691406
50.0 70.8653335571289 193.3887176513672 97.3546142578125 285.0972595214844
84.0 247.70956420898438 53.23057174682617 348.0 257.90924072265625
44.0 114.20294189453125 5.214198589324951 267.2568054199219 318.8963928222656
51.0 17.298442840576172 21.209508895874023 76.51400756835938 54.177982330322266
1.0 316.2216796875 120.79681396484375 348.0 344.02630615234375
84.0 0.0 18.616931915283203 125.47786712646484 316.5367431640625
51.0 0.15088558197021484 19.98685073852539 18.64814567565918 40.52086639404297
60.0 0.0 265.9791564941406 10.410888671875 285.5205383300781
84.0 188.16000366210938 8.827537536621094 264.21258544921875 26.03653907775879
51.0 0.6769976019859314 4.078139305114746 30.628265380859375 22.218399047851562
84.0 288.8800964355469 33.10926055908203 347.97979736328125 57.32646179199219