1.0 2.03989315032959 143.71246337890625 209.05850219726562 342.3959655761719
84.0 218.8380584716797 132.87225341796875 343.19525146484375 289.323974609375
51.0 158.83798217773438 59.380836486816406 220.7877655029297 112.85366821289062
84.0 4.285090923309326 1.425119400024414 154.5985565185547 67.85957336425781
47.0 1.890520453453064 35.82666015625 104.57565307617188 179.96994018554688
82.0 127.55935668945312 2.445218801498413 347.45819091796875 138.12686157226562
84.0 166.2534942626953 0.0 245.70298767089844 19.133081436157227
62.0 332.96881103515625 167.710693359375 348.0 200.9901580810547
84.0 202.24966430664062 250.70587158203125 342.1658630371094 344.6993713378906
1.0 314.7169189453125 49.580467224121094 347.3392639160156 77.57682800292969
84.0 0.0 178.32200622558594 40.58844757080078 251.41070556640625