84.0 226.2894744873047 39.2311897277832 347.4653625488281 340.0078125
51.0 199.14230346679688 55.719600677490234 252.2163543701172 109.43778991699219
47.0 0.07944485545158386 70.04341125488281 32.71205520629883 95.99056243896484
47.0 0.45161083340644836 142.71926879882812 39.98031997680664 197.34434509277344
51.0 30.899436950683594 84.97368621826172 68.65522766113281 111.59632110595703
44.0 67.59915924072266 30.60616683959961 178.30357360839844 321.54779052734375
51.0 48.07696533203125 63.03788375854492 77.63716125488281 80.90746307373047
47.0 27.36393928527832 68.4424057006836 58.711769104003906 87.52167510986328
84.0 192.91427612304688 29.049579620361328 287.6062316894531 77.8648910522461
51.0 309.86920166015625 77.09386444091797 347.59942626953125 127.81736755371094
51.0 6.113935947418213 119.81262969970703 59.256195068359375 163.9755096435547
86.0 0.8192044496536255 94.05345916748047 38.498069763183594 126.75589752197266
47.0 102.26062774658203 37.119022369384766 152.72418212890625 89.22008514404297
47.0 46.57721710205078 107.7834243774414 74.20658874511719 164.61256408691406
44.0 0.10207159072160721 28.63457489013672 16.472822189331055 68.68746948242188
51.0 58.335845947265625 79.63939666748047 75.46257019042969 100.96823120117188
44.0 196.21363830566406 6.6707892417907715 213.5559844970703 28.932893753051758